Current Grid (easy to code, hard to calculate position changes)
1	2	3	4	5	 26	27	28	29	30
6	7	8	9	10	 31	32	33	34	35
11	12	13	14	15	 36	37	38	39	40
16	17	18	19	20	 41	42	43	44	45
21	22	23	24	25	 46	47	48	49	50

51	52	53	54	55	 76	77	78	79	80
56	57	58	59	60	 81	82	83	84	85
61	62	63	64	65	 86	87	88	89	90
66	67	68	69	70	 91	92	93	94	95
71	72	73	74	75	 96	97	98	99	100

Upcoming Grid (really annoying to code [and write, this took forever :/], but makes position changing really easy)
(-5, 5) (-4, 5) (-3, 5) (-2, 5) (-1, 5) (0, 5)  (1, 5)  (2, 5)  (3, 5)  (4, 5)  (5, 5)
(-5, 4) (-4, 4) (-3, 4) (-2, 4) (-1, 4) (0, 4)  (1, 4)  (2, 4)  (3, 4)  (4, 4)  (5, 4)
(-5, 3) (-4, 3) (-3, 3) (-2, 3) (-1, 3) (0, 3)  (1, 3)  (2, 3)  (3, 3)  (4, 3)  (5, 3)
(-5, 2) (-4, 2) (-3, 2) (-2, 2) (-1, 2) (0, 2)  (1, 2)  (2, 2)  (3, 2)  (4, 2)  (5, 2)
(-5, 1) (-4, 1) (-3, 1) (-2, 1) (-1, 1) (0, 1)  (1, 1)  (2, 1)  (3, 1)  (4, 1)  (5, 1)
(-5, 0) (-4, 0) (-3, 0) (-2, 0) (-1, 0) (0, 0)  (1, 0)  (2, 0)  (3, 0)  (4, 0)  (5, 0)
(-5, -1)(-4, -1)(-3, -1)(-2, -1)(-1, -1)(0, -1) (1, -1) (2, -1) (3, -1) (4, -1) (5, -1)
(-5, -2)(-4, -2)(-3, -2)(-2, -2)(-1, -2)(0, -2) (1, -2) (2, -2) (3, -2) (4, -2) (5, -2)
(-5, -3)(-4, -3)(-3, -3)(-2, -3)(-1, -3)(0, -3) (1, -3) (2, -3) (3, -3) (4, -3) (5, -3)
(-5, -4)(-4, -4)(-3, -4)(-2, -4)(-1, -4)(0, -4) (1, -4) (2, -4) (3, -4) (4, -4) (5, -4)
(-5, -5)(-4, -5)(-3, -5)(-2, -5)(-1, -5)(0, -5) (1, -5) (2, -5) (3, -5) (4, -5) (5, -5)

grid corners to integers (for easier calculations shut up)
AL │ AR    1 │ 2
───┼─── → ───┼───
LL │ LR    3 │ 4 